image_width: 881
image_height: 400
camera_name: stereocam
camera_matrix:
  rows: 3
  cols: 3
  data: [2.063200e+03, -5.000000e-01, 9.783000e+02, 0.000000e+00, 2.062400e+03, 5.847000e+02, 0.000000e+00, 0.000000e+00, 1.000000e+00]
distortion_model: plumb_bob
distortion_coefficients:
  rows: 1
  cols: 5
  data: [-8.770000e-02, 1.257000e-01, 6.159000e-04, 6.038000e-04, 0.000000e+00]
rectification_matrix:
  rows: 3
  cols: 3
  data: [9.995925e-01, 2.195515e-02, -1.824139e-02, -2.205491e-02, 9.997428e-01, -5.286002e-03, 1.812064e-02, 5.686160e-03, 9.998196e-01]
projection_matrix:
  rows: 3
  cols: 4
  data: [1.003556e+3, 0.000000e+0, 4.556890e+2, 0.000000e+0, 0.000000e+0, 1.003556e+3, 1.976634e+2, 0.000000e+0, 0.000000e+0, 0.000000e+0, 1.000000e+0, 0.000000e+0]
